01100010110011011100001011100110100011011101011100
11000101100000110010010111001101100110111011101001
1001001100010100000111010101110101110011110000111
0110011101000100000111000001110101110011110000111
01100111010010110001011000101100010110001011000
01000001101100110000111100111110100010000010110
00010000011010011110011010000011011001100001111
001111101000100000110001111010001100001111001011
00001110001111101001100101111001001000001101111110
0110010000011001101101001110111011000011101100010
0000110100011000011110011110100001000000101101
01000001100101111000011011111100011110100001111010
11001001100000110001011100101011010110000011000
101011010110000011000101000000110000011000001
110100110000011000001110100110000011000001000
00010110101000001110100110100111011011100101111001
1111100111011101100011011110111101001100101110110011011
10110010111101000100000111000011011111110010111010
0010000001101010110100011001101100100110001
